Numbered
1 2 3 4 5 6
2 7 8 9 10 11
3 12 13 14 15 16
4 17 18 19 20 21
5 22 23 24 25 26
6 27 28 29 30 31
7 32 33 34 35 36
8 37 38 39 40 41
9 42 43 44 45 46
10 47 48 49 50 51
11 52 53 54 55 56
12 57 58 59 60 61
13 62 63 64 65 66
14 67 68 69 70 71
15 72 73 74 75 76
16 77 78 79 80 81
17 82 83 84 85 86
18 87 88 89 90 91
19 92 93 94 95 96
20 97 98 99 100 101
21 102 103 104 105 106
22 107 108 109 110 111
23 112 113 114 115 116
24 117 118 119 120 121
25 122 123 124 125 126
26 127 128 129 130 131
27 132 133 134 135 136
28 137 138 139 140 141
29 142 143 144 145 146
30 147 148 149 150 151
31 152 153 154 155 156
32 157 158 159 160 161
33 162 163 164 165 166
34 167 168 169 170 171
35 172 173 174 175 176
36 177 178 179 180 181
37 182 183 184 185 186
38 187 188 189 190 191
39 192 193 194 195 196
40 197 198 199 200 201
41 202 203 204 205 206
42 207 208 209 210 211
43 212 213 214 215 216
44 217 218 219 220 221
45 222 223 224 225 226
46 227 228 229 230 231
47 232 233 234 235 236
48 237 238 239 240 241
49 242 243 244 245 246
50 247 248 249 250 251
51 252 253 254 255 256
52 257 258 259 260 261
53 262 263 264 265 266
54 267 268 269 270 271
55 272 273 274 275 276
56 277 278 279 280 281
57 282 283 284 285 286
58 287 288 289 290 291
59 292 293 294 295 296
60 297 298 299 300 301
61 302 303 304 305 306
62 307 308 309 310 311
63 312 313 314 315 316
64 317 318 319 320 321
65 322 323 324 325 326
66 327 328 329 330 331
67 332 333 334 335 336
68 337 338 339 340 341
69 342 343 344 345 346
70 347 348 349 350 351
71 352 353 354 355 356
72 357 358 359 360 361
73 362 363 364 365 366
74 367 368 369 370 371
75 372 373 374 375 376
76 377 378 379 380 381
77 382 383 384 385 386
78 387 388 389 390 391
79 392 393 394 395 396
80 397 398 399 400 401
81 402 403 404 405 406
82 407 408 409 410 411
83 412 413 414 415 416
84 417 418 419 420 421
85 422 423 424 425 426
86 427 428 429 430 431
87 432 433 434 435 436
88 437 438 439 440 441
89 442 443 444 445 446
90 447 448 449 450 451
91 452 453 454 455 456
92 457 458 459 460 461
93 462 463 464 465 466
94 467 468 469 470 471
95 472 473 474 475 476
96 477 478 479 480 481
97 482 483 484 485 486
98 487 488 489 490 491
99 492 493 494 495 496
100 497 498 499 500 501
101 502 503 504 505 506
102 507 508 509 510 511
103 512 513 514 515 516
104 517 518 519 520 521
105 522 523 524 525 526
106 527 528 529 530 531
107 532 533 534 535 536
108 537 538 539 540 541
109 542 543 544 545 546
110 547 548 549 550 551
111 552 553 554 555 556
112 557 558 559 560 561
113 562 563 564 565 566
114 567 568 569 570 571
115 572 573 574 575 576
116 577 578 579 580 581
117 582 583 584 585 586
118 587 588 589 590 591
119 592 593 594 595 596
120 597 598 599 600 601
121 602 603 604 605 606
122 607 608 609 610 611
123 612 613 614 615 616
124 617 618 619 620 621
125 622 623 624 625 626
126 627 628 629 630 631
127 632 633 634 635 636
128 637 638 639 640 641
129 642 643 644 645 646
130 647 648 649 650 651
131 652 653 654 655 656
132 657 658 659 660 661
133 662 663 664 665 666
134 667 668 669 670 671
135 672 673 674 675 676
136 677 678 679 680 681
137 682 683 684 685 686
138 687 688 689 690 691
139 692 693 694 695 696
140 697 698 699 700 701
141 702 703 704 705 706
142 707 708 709 710 711
143 712 713 714 715 716
144 717 718 719 720 721
145 722 723 724 725 726
146 727 728 729 730 731
147 732 733 734 735 736
148 737 738 739 740 741
149 742 743 744 745 746
150 747 748 749 750 751
151 752 753 754 755 756
152 757 758 759 760 761
153 762 763 764 765 766
154 767 768 769 770 771
155 772 773 774 775 776
156 777 778 779 780 781
157 782 783 784 785 786
158 787 788 789 790 791
159 792 793 794 795 796
160 797 798 799 800 801
161 802 803 804 805 806
162 807 808 809 810 811
163 812 813 814 815 816
164 817 818 819 820 821
165 822 823 824 825 826
166 827 828 829 830 831
167 832 833 834 835 836
168 837 838 839 840 841
169 842 843 844 845 846
170 847 848 849 850 851
171 852 853 854 855 856
172 857 858 859 860 861
173 862 863 864 865 866
174 867 868 869 870 871
175 872 873 874 875 876
176 877 878 879 880 881
177 882 883 884 885 886
178 887 888 889 890 891
179 892 893 894 895 896
180 897 898 899 900 901
181 902 903 904 905 906
182 907 908 909 910 911
183 912 913 914 915 916
184 917 918 919 920 921
185 922 923 924 925 926
186 927 928 929 930 931
187 932 933 934 935 936
188 937 938 939 940 941
189 942 943 944 945 946
190 947 948 949 950 951
191 952 953 954 955 956
192 957 958 959 960 961
193 962 963 964 965 966
194 967 968 969 970 971
195 972 973 974 975 976
196 977 978 979 980 981
197 982 983 984 985 986
198 987 988 989 990 991
199 992 993 994 995 996
200 997 998 999 1000 1001
